Iterations = 22
Omega = 1.5278640450004206
Final max change = 7.190552941079009e-06
